4 12 3
0.294 0.995 0.564 0.243 0.804
0.488 0.314 0.577 0.480 0.698
0.220 0.533 0.128 0.239 0.455
0.066 0.420 0.817 0.987 0.591
0.834 0.001 0.845 0.764 0.484
0.390 0.274 0.489 0.511 0.321
0.833 0.930 0.882 0.721 0.937
0.112 0.253 0.671 0.076 0.191
0.657 0.311 0.515 0.417 0.742
0.552 0.670 0.498 0.083 0.364
0.988 0.501 0.195 0.737 0.277
0.509 0.303 0.523 0.728 0.446
0.710 0.699 0.902 0.567 0.283 0.110 0.484 0.538 0.324 0.962 0.552 0.796 0.031
0.216 0.504 0.692 0.550 0.408 0.613 0.754 0.581 0.287 0.524 0.050 0.449 0.492
0.921 0.501 0.142 0.713 0.454 0.139 0.345 0.863 0.694 0.328 0.446 0.882 0.542
